"PATWRO"
0.025508068855211435
0.013528009926541355
0.6400402009354315
0.9895063695084446
0.4927968385532214
0.9919310349368353
0.11369741296723074
0.006621713482018895
0.387399412863348
0.9827336598094683
0.9732284580685001
0.9690686891457002
0.0765269099291719
0.9750395593586639
0.8701225513754531
0.009614552037676874
0.06520292630746256
0.9927494157458356
0.09173146761485439
0.016332364147584905
0.5615989836359224
0.007468397831024972
0.09038846384180989
0.8770880144332032
0.7236558101686206
0.9881868694383888
0.022457841745784232
0.25943411701525676
0.3699661771681899
0.022038308854565262
0.042480638988080105
0.9087953005963456
0.8548071712770582
0.14535988555332136
0.992424693872211
0.035400177789837436
0.8989821649526377
0.9822440380393971
0.8728168917104316
0.9678008198170385
0.5982573497004561
0.9781310789137367
0.870816347236403
0.9450591391612363
0.09359546671058831
0.9940766220050746
0.013293849133426955
0.637922766836654
0.1356185621834209
0.28127996575691316
0.971387498198309
0.2701593813246608
0.4347541481213532
0.953767057331299
0.9749082374341238
0.029930325594244092
0.9882718578816153
0.6117386992767255
0.8092990041225748
0.016240649069078614
0.9615650438230374
0.022742466574811895
0.609743244021373
0.7851559801609519
0.3615029975837623
0.07183233387584236
0.37293392421813587
0.9411603449771863
0.6171462166880942
0.705258968526323
0.954441747291341
0.7605748598093279
0.982880186473203
0.9580158231517697
0.9888226601803469
0.006909461633735726
0.8950288755597695
0.6011339382395373
0.9830591681905557
0.1713756000701581
0.08697661461813873
0.9560875250092872
0.6984518563181004
0.9961858027648792
0.9394680369168844
0.6903863357841569
0.90664056206921
0.7542344569633326
0.742393464124195
0.9465816904911263
0.4947807852301865
0.003913282753431889
0.12620067206188124
0.028064553913065438
0.9691744478134755
0.03153236999931272
0.5773464391746748
0.08954538625773167
0.9346834584093386
0.8554334000273474
0.005981587591243439
0.3164636419484745
0.23268804128804918
0.9186081274291067
0.05498686068403288
0.9833385339822741
0.6358945233186463
0.6553549168275064
0.9864629927235646
0.9697540831348465
0.9671899313662631
0.8230161244091792
0.7527819167977327
0.021733400879174046
0.03570868666869754
0.10045897903371247
0.9649251705930602
0.23528350855808797
0.6727811358818551
0.004978760112876798
0.013539186113275798
0.9032780714600347
0.9777945871732195
0.6057808826555725
0.24382315754786554
0.9061106582078111
0.050857276934245424
0.011571775691150962
0.9808527276082166
0.22174126984471618
0.9752397344903575
0.3416640078317529
0.05284454380826133
0.9861766125329212
0.010219621730694389
0.9758871433668491
0.18441626941488268
0.8434248338803412
0.3827756718008201
0.012727445396502472
0.7578812876560778
0.7988433163928919
0.9760131848280313
0.47647246926062964
0.17049256498958726
0.9849208784903561
0.6423420775275379
0.04511762725503132
0.014932116513255596
0.02652688696006591
0.9841585764466471
0.013580177148269364
0.9831204882686364
0.042616809431006424
0.05633071029603582
0.4589691841756859
0.9846927704839598
0.965417703567838
0.44155005017467797
0.1840766921865212
0.9219557753878312
0.9055365252907666
0.4147069891683521
0.049928499642717436
0.03389492852966087
0.012426830862576652
0.2843797920366084
0.9878429071920742
0.015031580289215463
0.22318349565701176
0.9770057160731355
0.629820751135107
0.39370404933114395
0.017112792583035986
0.6263685201750063
0.9914835198337549
0.03633040014225727
0.014195636898905135
0.9209471533292442
0.1808915344602884
0.9287443061094892
0.28993899371308485
0.9671556655628332
0.7720720665539939
0.01889938947616229
0.32771968957975584
0.3244650651619126
0.40716245534084144
0.24742776353922125
0.01847461472297846
0.9644681374619885
0.94376768230455
0.05616421166492992
0.19581754017606423
0.49749320716985873
0.9944856495317593
0.07351486244740357
0.9839945446678963
0.29886068682138894
0.008411269986510986
0.0837839353731364
0.9575971049889344
0.973259357923352
0.8230057657244141
0.3212278095319135
0.02424442192019206
0.8527500768040087
0.9860382121295518
0.8127464626557697
0.6728135341574626
0.05211081519769266
0.05332253455914027
0.0267454806374747
0.026941891810650022
0.01328218795820367
0.11067604621782734
0.9809976088025658
0.9928047677840535
0.042265971545105294
0.01677724710809894
0.9873743623640086
0.9837049663707794
0.33006922583456555
0.21299649537269436
0.36703038054243486
0.6872700920436133
0.02799808746824126
0.019895015414549577
0.5875907858113371
0.9697988856292408
0.35339168899399537
0.057333398288952724
0.9611696258222147
0.44862809310068547
0.6116733221727011
0.8000586870459719
0.08061635288377907
0.09960285639387245
0.21179728163789152
0.9929943391068361
0.7911755509372906
0.05399690791864127
0.9773673199869568
0.3233996158505351
0.026802487351508694
0.9875040750940481
0.9853098851936105
0.06597250765115126
0.033802857968288975
0.92587513258182
0.725195286056671
0.14660570719881902
0.10106895752799383
0.12891765206533606
0.009783281763017591
0.9788310327046305
0.15850775622888605
0.0129086806149201
0.9704179326677707
0.983790164787124
0.9771731862688905
0.9858498199620105
0.980808658434252
0.1113143193532783
0.9129319584741489
0.9619496662786909
0.14078737137656966
0.16939666461006414
0.9701948923089136
0.015865581676923406
0.904386541155857
0.8088169333527556
0.007107252997091918
0.29472329775295336
0.09293113598581852
0.04804337188943216
0.8768149894921337
0.8369194523392293
0.942289288344431
0.9699586393572925
0.27097527428364865
0.030358873490635922
0.502452702754954
0.9812934223940554
0.9377942747041267
0.09476444495452532
0.005753177787627887
0.8409849307524643
0.9205720189404701
0.11516636207320718
0.3020599568489783
0.1804791519873528
0.9437243426290567
0.9904159887019308
0.9944796769420549
0.9669915151130424
0.283413020382574
0.20686554029162876
0.9791200928384554
0.16413074848783368
0.030323065257851375
0.04402824063317516
0.9848898899800882
0.8056359999947384
0.3691052403947997
0.9965610950002227
0.11235536939743082
0.34735095672543953
0.9606428824443696
0.02069034974533261
0.9103945575100686
0.8807139139840833
0.29969876111338006
0.497256976262945
0.9852272638477297
0.08266446625661442
0.11200678403648494
0.017530363232509637
0.9504198243117226
0.655165093456339
0.011760209753070062
0.05000938198194805
0.6074400092272887
0.9565682971819487
0.11070160326901833
0.03494025926632597
0.015698260107688253
0.21142430540002713
0.8806414782730787
0.08269959799234582
0.9911092981638717
0.9634044093523679
0.9082822830526597
0.9284912543614434
0.026245499549819924
0.8880378707876923
0.027984586545022467
0.009778010615773134
0.14736292216043512
0.8451424284121652
0.15472472169126453
0.03495786630655397
0.9793803567761485
0.02178491029548745
0.09288196110063465
0.035207209757509614
0.053951465606387264
0.48740776250161194
0.9800617304720668
0.6783195080166609
0.09851660036344612
0.9086441289898317
0.3464245453337764
0.0110136276214057
0.03364374868532007
0.02065586030443737
0.982994171914376
0.39262982517269757
0.8773777821419234
0.010166409501833503
0.02075662787556895
0.02503316985771249
0.9877847466512254
0.45726793165599916
0.9843391854318972
0.36173083344420304
0.1273774998946488
0.28425858997996645
0.9760233735056032
0.9946067386206278
0.13780140680144676
0.03351948428525282
0.8135269349375804
0.03205733545596706
0.7966092716968536
0.9717837766961029
0.9069883881223839
0.9628236769391578
0.05027989948671642
0.994809736071848
0.02802427122447707
0.7676568232178629
0.9543762462877114
0.9844363612971545
0.6285290649127574
0.9766148841400407
0.05431131834487431
0.8742881829491219
0.05995389458607463
0.32067823037917237
0.886276077799328
0.11871904343650018
0.9761878239828875
0.8739065257730688
0.9671603233854122
0.9693091820961343
0.9526217544427842
0.7845932533371096
0.040078311772270135
0.09447294164694038
0.7730511554532762
0.4663306190672472
0.08501001125277073
0.8135093645372863
0.9909782744732668
0.02139741452705319
0.054872605765105005
0.9684573283366731
0.9773237279714398
0.20133581319873606
0.02306356214885825
0.986432925560406
0.9637694293215375
0.04319067972839729
0.07878422353080071
0.7360664183361925
0.9196547809020298
0.10319186134890203
0.8861409770192787
0.9756791137694223
0.3133230041200695
0.09124196601395405
0.9643531790201905
0.4821771917148489
0.24849010524060872
0.8344913757623369
0.012897724650606561
0.191130164665657
0.7649866725154078
0.27847527963689445
0.24859797227736968
0.9100101432699406
0.12180186218213626
0.06546051090729117
0.9056342214337438
0.8233367243209673
0.4779530651380008
0.9727780129176523
0.013791111769534544
0.010029821647966272
0.9885497230870953
0.3158908091524802
0.964507779186979
0.03176704949939041
0.025827047787211836
0.9770915292454482
0.9691513096322697
0.9903414705224138
0.9082721309899482
0.5763215942852015
0.8950990142014534
0.985734417384268
0.9623449799805593
0.21883801486528556
0.07969188957331072
0.010956946190330602
0.8046027465672825
0.08245516500242897
0.9121840389533504
0.302458560372349
0.2045668431197205
0.033983033042880265
0.06672026757482138
0.03616331432498469
0.9821106237983827
0.027153287841474746
0.9151197838112899
0.9816328879002504
0.9433656622487901
0.03469281590280069
0.7716028646060381
0.8087435641723787
0.26707735888803436
0.032273175078131676
0.8982175239314916
0.9566478543409527
0.2215339712341049
0.4364191807201918
0.05758935754521129
0.9824516825667207
0.03008545318284787
0.9916124022247619
0.5585125127112053
0.9872826904326673
0.10197325935836356
0.727074551152167
0.970596510213639
0.10250492878892414
0.9171690783355138
0.6161454675032029
0.11742521098926273
0.04201734665829163
0.9689727279618515
0.5914011338845078
0.605483229927837
0.9523522803389532
0.8988178765230882
0.9775829808293968
0.9893081452070228
0.09895745988490026
0.2229100717225305
0.6083462458270094
0.04645953279487471
0.07788023705877369
0.9809124733690552
0.3688381425390101
0.8671369129093449
0.9066099569510598
0.9892717182592614
0.9447840192188387
0.007469064186752496
0.018753835909221243
0.7910860931263104
0.4477697001921638
0.020378770693374626
0.018805901111764566
0.1634544028254868
0.020610943652726435
0.8935845953489865
0.9565294422961848
0.8722504298797219
0.8359467154865123
0.8816792055694899
0.4672694480633425
0.7664018880990942
0.0642452132267123
0.9950596130555356
0.0752173058448111
0.7531317549158317
0.04852582123180241
0.8870457936421288
0.9420039481596721
0.9466092146591675
0.43113660915482077
0.8164503615481421
0.4161981286447874
0.9778909639559983
0.9964715012027017
0.0537605695565677
0.6502441658724254
0.22996641171700521
0.32751773561999586
0.22479470347649463
0.016614676279519937
0.016122233060351737
0.9883324888398692
0.0612275611476143
0.9676206299080079
0.946254846692173
0.01118368136071646
0.10765982789180355
0.021605061041058
0.9567226593220306
0.46782058745531413
0.9557613227889379
0.4301353432999777
0.8116660273738294
0.9182718088370817
0.08353828212277103
0.9318862928354714
0.9091022666075109
0.015710627972522772
0.9593084786171956
0.8866949379873562
0.47840527252335896
0.07294644729241685
0.9793008941502925
0.19381616725783074
0.21873360556819296
0.40333139908962135
0.44709287685296806
0.8705363929658457
0.13012668594955748
0.038935316428518836
0.7262179551860691
0.11539884834470314
0.9656118524911482
0.9241453546911845
0.8065648694435563
0.04632781470432638
0.2044477237791898
0.9721505840090436
0.022237098206770604
0.03078123276970184
0.6225364446764863
0.9944606956343119
0.962354054770802
0.6493334350433487
0.15940821380285805
0.010824999777018405
0.07070160015931802
0.9819455634628941
0.0570330207199889
0.041227247807939904
0.34271570065542495
0.9908004527547973
0.29132469079471374
0.9835134968834819
0.8935372927403018
0.010509007417585469
