"PATWRO"
0.8354761519587233
0.9998224482490273
0.00036483855977143475
0.9989069151089396
0.9997527668810663
0.00013378529871562996
0.00018676226821920445
9.9290562974577e-05
0.000312824418334654
0.000425349261495922
0.9921048182253602
0.9978654141321548
0.005261285891493299
0.9999130595475875
0.0016616801217343255
0.9976467065526358
0.9996641620621624
0.9996793943545565
0.9727143266369463
0.9994738067688914
0.0022458882703768677
0.9992116658726587
0.9984619773553908
0.9996438169095923
0.9972276922620134
0.007110154982904306
0.9998267427047409
0.9996631783883264
0.015672096056629996
0.9909960647102692
0.9851198181848593
0.9319776552850776
0.012533521625972623
0.9998427496758684
0.9555495887495823
0.9998457249045785
0.602265703383966
0.9917108271342338
0.018375244675376334
0.00046820269876815627
0.9997300231708198
0.000662749443775405
0.9822299340743398
0.9996577174325019
0.00045919217285645883
0.00016284489230745776
0.9839325679931744
0.026243898772238768
0.9688917409124975
0.0010950211680827069
0.0005528195326767221
0.0005783995201480468
0.00017525860854819165
0.0003256162562341117
0.9990651794495832
0.9999293651951964
0.8893189980558879
0.0005608229001039898
0.827673004645119
0.9978810445577683
0.999811706137079
8.29461049125157e-05
7.04434162219329e-05
0.9961670330599851
0.00166522834477113
0.0010536712304218272
0.9999565628528714
0.998885957490992
0.999753644306088
0.994988772790664
0.000585803104687404
0.007550770591981315
0.025263820507909127
0.9980607253640384
0.9820540224340238
0.9976695029489425
0.00090561581105751
0.0005446948310156395
0.9991311721249402
0.9991053370765729
0.0003404859024468037
0.9996306131453393
0.9781055548075333
0.9961307605989783
0.6715189470900934
0.9974393935512962
0.0007522875293087367
0.9996303092375317
0.00626933319724261
0.9993467187979949
0.9988729324812938
0.9709440610416382
0.0006003011236279736
0.00046213516666432613
0.9971204268216681
0.006478968654304959
0.9974271427255977
0.0014243725040573776
0.2713302208402339
0.9924014363287142
0.0016508503386957944
0.001157555602759013
0.9960784014397204
0.9998145858044875
0.999579254998025
0.9959117729467546
0.0001464372692183806
0.9962293582282264
0.9997839133844958
0.000171187353871893
0.9394218853706281
0.002187597107289387
0.980212635270647
0.009796501879079033
0.9993626554988817
0.9998074893515684
0.00027073494362796224
5.259909083518967e-05
0.0007439757998993823
0.9931541780260894
0.001362734174859436
0.9995605798255953
0.013503353567942876
0.8394976494073423
0.001300786742060652
0.03131933699738503
0.9997037539639493
0.00760745764844833
0.0009412976879801725
0.0009318612031812308
0.00314516121033759
0.08081356530938419
0.0006121743127444804
0.9510269966046748
0.00021185916045154252
0.9958436488180558
0.9202659254833834
0.9998673985395897
0.00038619574607584155
0.9963004191544022
0.9995807323722773
0.9964902067247303
0.00043811100403387304
0.9997417409720925
0.9536338094955017
0.9996117332684987
0.0001523246224699035
0.9999231301858161
0.999780107585434
0.000725632563484225
0.984797991831137
0.00016756171617183848
0.9997523059104523
0.9981604680560134
0.9988878883052348
0.0021948298979276456
0.9895541893930732
0.0003300231508702033
0.9986839757290067
0.03146677445171885
0.9957062209985745
0.0005936554564097318
0.9992788786893837
0.0034442891271563307
0.11327029525345815
0.0008565441642085727
0.6323963684101719
0.00024427641341495866
0.9996430732593327
0.9998588560083617
0.9281797550978845
0.999337908914439
0.0006353238128018034
0.0006599195774703371
0.9989048593599505
0.9987801470112675
0.9973917310175908
0.7393255260270792
0.9988247488464159
0.011687934204116766
9.939377735017425e-05
0.9931070730692049
0.0020407361473319886
0.0012629349027178936
0.0009399254597089472
0.9985179929346605
0.9434460627378779
0.9992950647687454
0.9989166863340334
0.04452518658890883
0.9998515579578798
0.9946071017486746
0.99962810088841
0.00017975542730047406
0.9864025895673837
0.0007793974381159319
0.0024653914270049487
0.0005061867583264868
0.9937279444175275
0.9998720676724437
0.9989543052600741
0.9984488465313386
0.0007820963305449713
0.9991238191885169
0.003058323120802464
0.0007710557298365791
0.9992680059131531
0.0004466691201517346
0.9989282819433235
0.03794783346194621
0.9992741741231599
0.012805060793616301
0.9995871371529202
0.999682676037513
0.00017169498914260467
0.007545700091516648
0.9997043389916743
0.00023844839489288618
0.9974250469607858
0.025301140534371904
0.9997139088186907
0.9381183870540525
0.0002526453433007593
0.999531073027622
0.0004951429546183308
0.010151184215190658
0.999737919578608
0.9576649262458317
0.01777415807121015
0.011473066392201185
0.00019887419810648554
0.0001879047253477433
0.9964980140817634
4.5449457107900066e-05
9.233386243266555e-05
0.000406829827645238
0.0005906160660573537
0.9983529080214101
0.000985935394148421
0.9957981557532521
0.9944038350859438
0.2543868767180574
0.0012202793388122227
0.0002134782209335301
0.00010193108032847588
0.9203531037771209
0.9977195059042088
0.2513296786116642
0.9998374535275846
0.9996866993728003
0.9958938213498353
0.9983982724801888
0.997036643286114
0.0007941223508731526
0.9993067798872088
0.001644793981123496
0.9979259031611324
0.8370481338386255
0.005759565574381021
0.996630552299497
0.9999205317463105
0.0001292310399977365
0.004143185314473818
0.9327267187942669
0.011183334873728148
0.9990971400251505
0.0009808133862766841
0.9986680574574271
0.9967152825423143
0.5689015464543936
0.005091205850327919
0.0006410030085528114
0.9744475635226171
0.9978036653239565
0.000673800606042838
0.00024390536456816574
0.0032038797319106508
0.9980726608732888
0.9996494083000158
0.999883577618616
0.9980109143572555
0.9991424159818368
0.00011880577545265601
0.9994221848888295
0.00036178153529012373
0.0014391307911708554
0.020233549953724256
0.9981450349906781
0.00022824679213403348
0.9948120801522843
0.00013889422263772377
0.0004411005474588845
0.25297484647320795
0.9995722466650746
0.000805565819342007
0.9997103269610574
0.9096031146122182
0.4
0.9990136101016553
0.0013013444483421603
0.9999508255278093
0.9996245699940538
0.0032146623668810213
0.001981031299998571
0.0003615472551618141
0.0007041883896352886
0.0035404536053568166
0.8746108377114263
0.8550169531348814
0.9939146245536941
0.9999379855118777
0.9997882654542007
0.00041289881436834644
0.00019093626998322496
0.6500469610483843
0.9976163376210667
8.664709101311971e-05
0.0004736393412460865
0.9996760017686276
0.047986953983682884
5.857860585051216e-05
0.0010171562104092685
0.9997919586975152
0.00023254724768210797
0.9978467927268013
0.00046718264876656967
0.9985778833704666
0.9896231685996468
0.003227229046689602
0.007198911468231847
0.9983229375183873
0.00017469014012943274
0.006404426091491121
0.9815823708140617
0.0010057863543506235
0.9996540267273035
0.9997008091855254
0.021646890489529405
0.9737864081230768
0.9989979913419814
0.9994926339343235
0.9984872685889625
0.02619996765108157
0.009268593215675289
0.0001881398399910007
0.21662535380052675
0.9986641246134832
0.9946312872927218
0.9994974580832369
0.0033209539534705974
0.8658474263281843
0.03936628230445026
0.9974140848603062
0.0005987266453294437
0.00032042390479535227
0.020888123352033154
0.9997535060764732
0.9996996955320351
0.9937659646283861
0.37931086311230133
0.9997230318015108
0.9998011014563201
0.9995319729984888
0.05247914906007111
0.9982888679253588
0.0009811904458683677
0.008959607143014064
0.9997437385162063
0.04131976906562882
0.9956921796872904
0.00241601896793119
0.0001687654997946505
0.9659127171372549
0.7138136041918608
0.0024087125249649555
0.0003091446473099514
0.0005731208549663319
0.9998464592358066
0.9987263219753897
0.0003299248109051626
0.83381656146414
0.9994330800078741
0.9992496739155603
0.09086861772067036
0.9988080955717427
0.0006151106762239318
0.00023460613957500238
0.3405276863427553
0.9842115610562031
0.007738249203919865
0.0010116161185015266
0.9979820036066238
0.9835712187131638
0.0011473811550174503
0.00429640898147795
0.004014731260700547
0.999180031249065
0.0015682774755678968
0.8646959224316985
0.9986575242347497
0.9981518160947624
0.9998126078160516
9.878217674311312e-05
0.999235802905094
0.9817658134081066
0.031728039023009566
0.0056221681860206055
0.9797813019704786
0.00936845575137317
0.041795519112473103
0.00018992376724661855
0.961513307804015
0.0007642997424178719
0.0007827673577512072
0.5280470939747874
0.998987978090763
0.21674079364091972
0.0003736489475769582
0.0004122192559442555
8.821832761049668e-05
0.9994880418263097
0.9998982596432678
0.9988579240327612
0.0009084256491010504
0.9944404522723936
0.001125606637028439
0.9988969457296907
0.9997220569940266
0.0009055214658421006
0.015420078640051368
0.9756820200724163
0.0009152776000088628
0.0006952879893680259
0.8515550601167099
0.0001561600893379276
0.9975080588005091
0.9977389580914037
0.9989407253575141
0.998926181436536
0.9928282092873896
0.007752679650072425
0.007147774170887278
0.007955052681293864
0.9996684602715953
0.9995797091306036
0.9971315331942843
0.9813378702061321
0.00016329578554850376
0.03656438922713314
0.0001499866682794614
0.0008295892261425222
0.9982055415337079
0.0006090507878735525
0.9989499986430433
0.04352289208120898
0.9939036191485785
0.014293692365611826
0.00017454615004918546
0.9996483590791326
0.00018558420315580238
0.0003068895708661386
0.9954789462581661
0.09007939547088636
0.002825351499586802
0.9915755168194054
0.9978826722310478
0.9952151231014031
0.00039797472062261735
0.9995296107534154
0.00036146640954287494
0.9809213945808251
0.00032570025921010553
0.0009646310388056567
0.9991898558393761
0.9992982207004037
0.9997816253158531
0.9996837113192882
0.001100198267036479
0.0014879775040843584
0.9985755161257198
0.9979547621571304
0.9809231910064591
0.00245469745202574
0.001088717220644946
0.9997374656760706
0.9642946305528195
0.0037180724696520926
0.9634605545172503
0.999530568250629
0.00011836337281645111
0.00032522547319080913
0.5599189529306716
0.9709907975838992
0.0011553639755532133
0.0003007256467287608
0.997654918457848
0.8658600632996761
0.9757643593735328
0.9947799346921087
0.0023353447610997675
0.9930739636771376
0.9994705669690964
0.00018436733644331386
0.00036287854416921643
0.0958218747929136
0.00014160294658407182
0.002518751675426825
0.9908201785745516
0.09263179376490814
0.9998434399541082
0.009189635629855692
0.9995718106902161
0.9955347299137008
0.0008121923737310182
0.0012586264658477017
0.0019797211172281146
0.0035115203319400034
0.00141765211699571
0.0002678613751864159
0.0015517356102005338
0.0989834927257053
0.00011926767785214568
0.6081817022884836
0.9987618819966979
0.9530513339885418
0.00041619882264705356
0.007138502507334073
0.9953025139352888
0.948778000808998
0.9991049853161603
0.0005632227113551902
0.0014948263802121665
0.926899922338939
0.1122140929859013
0.940175747185533
0.9494712185057255
0.0008894804153316966
0.9847809956030747
0.0001236787681510398
0.9928218488360007
5.518424215768779e-06
0.9998564186731244
0.0004778952234659349
0.01899130518685872
0.0046445728925801335
3.085242154183215e-05
0.9984128269209588
0.9994710788237543
0.9988116795173024
0.9801958410287755
0.9979599239977431
0.0006511321079466503
0.0005626350600866786
0.0012730288404839158
0.9416181968432692
0.01402733723847937
0.9979958061229528
0.9996835780001623
0.002422988631405083
0.9997868307060174
0.9923893036467055
0.9900808944794717
0.9967361164805094
0.0001656994671325871
0.00019226660633582562
0.9991813656992318
0.0013306677958728986
0.0003595209357824496
0.002297217536785688
0.0008684807462882696
0.9898655548495856
0.9995921627098651
0.0005076755117051502
0.9996142714896552
0.9997308932171813
0.16345404124533053
0.9980580342846646
0.391378645841146
0.8247672043696304
0.0003992258302927357
2.8764072897529096e-05
0.00015084564172071117
0.0020832771250931937
0.02388849056080437
0.42996777984095624
0.00019930618530387303
0.0004191131735543776
0.0005242254880202342
0.9995886164512212
0.9983643620648942
0.9995252348061553
0.02413244815151425
0.07917200153417528
0.0012006616237110665
0.0011416174409651432
0.9861142849428811
8.744719225496336e-05
0.9979927385349473
0.9954642394133152
1.4681308360682121e-05
0.738617154881593
0.9931584746468416
0.0003064683358910107
0.9960586717460534
0.00025384591026016064
0.0007927214828387579
0.00040826055733961773
0.007246046936713395
0.9951567364239006
0.9919020064487203
0.014215555308832322
0.9941390791960389
0.9996702548402149
0.00014597467501879604
0.9989292500699166
0.10128760358016797
0.0003313240458861292
0.0006025081610444564
0.000681200136226404
0.9828000282340612
0.005052697060478077
0.002558067885376291
0.008648216500822214
0.02370224551446478
0.9981188685215951
0.9993498486810373
0.9990364294330458
0.000132069822940299
0.0001207705751851502
0.00028136836881003573
8.20664655892425e-05
0.9990247746596684
0.8941445108528759
0.0011192589498088983
0.9996481038342386
0.9997375350345842
0.0007165982978667866
0.9996482358079422
0.9999370977554451
0.999058190646027
0.0022652539224375517
0.9996882665401269
0.010467652091179657
0.10751226030527078
0.3752149959684779
0.00019521108957389177
0.00011224654020101117
0.9994737990430659
0.004270385388228747
0.9990471513119399
0.0003386288997926916
0.0037640646622445185
0.002489158445591793
0.9989500645658936
0.00027135106490798494
0.0002174612141682866
0.0034586826281218035
0.0003499439690700171
7.81482451361045e-05
0.9997409674282636
0.9981712289818508
0.9997734246849739
0.999266092206929
0.04172919431868504
0.0014677684174165015
0.0006832878838858746
0.9993188718771846
0.001791412990995358
0.004104444283923567
0.9998767570785596
0.0019333317960753098
0.0006258723108327355
0.9997710224594735
0.9976327938519434
0.001144808712531322
0.0015470757233255379
0.003007675039872828
0.9992654136281806
0.004726115440157693
0.9974745076323849
0.053243765424498955
0.9934545639651687
0.030318579541327637
0.9981559011821612
0.9992371487251211
0.00031443771234657906
0.997636732514409
0.005147197816486482
0.998648718451103
0.9996742062934456
0.9996412232487735
0.00010241104233597029
0.9939791441244049
0.9942819522794707
0.00017770222425119385
0.0023253855947564994
0.006780634975774379
0.0005832825262922972
0.9954402928748148
0.001413849437302858
0.9967568175177509
0.0010690701970457214
0.002940989978767135
0.9973343824362856
0.10419774776525725
0.0017544012267946974
0.9944231524256353
0.9934976015625687
0.010134319852788117
0.0004910765983209438
0.9801778686671582
0.9998211066998146
0.016601953169968323
0.0005357215792445901
0.9994308620762437
0.0016705553685577327
0.00039078151252420297
0.00027524069174268006
0.03733253800546518
0.9996029325543926
0.9953847417062797
0.9997695433302589
0.9991581078439568
0.999489691678053
0.9996313719874665
0.9986464610291785
0.00014999665772393527
0.029445925366106938
0.9986945353794444
0.003688394411183515
0.9993036147815482
0.9988492093463839
0.9977795407237919
0.9512191473587328
0.00010887084461300206
0.008956589283358216
0.0023866748253894335
0.9996831053172464
0.9965533018971272
0.9738547291008225
0.00036800694106720283
0.0005811239643806379
0.00036347551231229847
0.0008668478355835454
0.9999450495924881
0.0007100626056295526
0.9994303789871143
0.0002558041446596284
0.9991391313730872
0.0009363148435418938
0.0040126210804763895
0.8791215698070717
0.000308357148493275
0.9997177905842931
0.0006705463599927506
0.9861753407091436
0.9998142797874561
0.0009166133322264002
0.9980475812964421
0.9822780934121353
0.8435066617367727
0.017931416018839984
0.9929421796922545
0.005362636043470052
0.9996580341859027
0.9987706500590635
0.006177858430356715
0.999559503853055
0.00016528489184061465
0.7111882774209072
0.00010749499145318668
0.0009021834818924251
0.7861113749347214
0.9998104263956178
4.476180892297912e-05
0.9998169532880227
0.0001045499766307155
0.9988927277496567
0.99970144939343
0.0003404872708377202
0.0005886191296743329
0.07945222551302385
0.008447217606464327
0.001444334366956739
0.0003007677840950319
0.9089576906101818
0.0001814826078774728
0.00023796095372669533
0.0006866702164223322
0.0011906037486583885
0.00036373577793025446
7.596884732259996e-05
0.9969181384208909
1.8096904337050734e-05
0.999814160049908
0.0010638296951807813
0.9916472920838949
0.9619152685893595
0.00018833555267117071
0.9955773179838708
0.004775715509559401
0.9992603274535146
0.0007629833653038325
0.016579701208790175
5.865514477937597e-05
0.9621745475396487
0.9998623368008717
0.9617573912509517
0.006880672822646239
0.03330531013670829
0.00012001977229224588
0.9984918973110041
0.19618071139040164
0.9996831103027316
0.998531640476485
0.978135807695498
3.767717432432282e-05
9.532858775281334e-05
5.178179035113189e-05
0.9977653284316449
0.9606274310139713
0.5814019847654927
0.9997523834537666
0.9851606691016019
0.004290622414995522
0.0002214930931421974
0.9988427880114539
0.000363213808356354
0.033733139911847385
0.9997539990241994
0.00035157356599023275
0.9993186919082462
0.0001152076514376811
0.7179538943419403
0.9999118956180219
0.9887940597886578
0.0001360510251889534
0.0003067691675932851
9.037180525798183e-05
0.9991584048709424
0.9974060044609163
0.006867603573211914
0.0004507273415367132
0.9809493487621556
0.9949870049003953
0.9981176482439356
0.0007896000709209717
0.00011476063387048897
0.9992562591339759
0.001848760734616052
0.0010199297939867506
0.0012518607974331126
0.9890797927809963
0.0004217992083437239
0.9993505967746952
3.798470803823945e-05
0.0008162188655985958
0.999376821407609
0.9990945714589136
0.9986725295523236
0.000639006603169581
0.993377046614669
0.003162508970352094
0.005949963612282255
0.00020245572836347791
0.9515314243358363
0.9978535099213754
0.000365695851322552
0.9962255595480103
0.979979148850311
0.9905455661922208
0.0005862590252612458
0.00907365691118443
0.9992803073727093
0.001487329966993142
0.9996309238380268
0.0014046463998996694
0.003897700562680975
0.9999398204699608
0.2250099011491939
0.0002597994949054567
0.0016739765111223332
0.0017544432149795342
0.9069658558630331
0.8844428586104269
0.9944682082039276
0.001067583807945989
0.9918952305887258
0.9478244186673935
0.9996218815380317
0.0018054530583605196
0.6221573004125399
0.9977231119819326
0.41
0.08932146807187526
0.7084912444192168
0.9944357351540929
0.014184309079564134
0.03927555715367845
0.00024308681979941257
0.00014886326963557025
0.00043891625302209836
0.0014728587041236637
0.020095620888391456
0.9972267704826313
0.08688847733105022
4.7612798214031186e-05
0.0011210704355135764
0.9887744636170513
0.26236576110636595
0.9995154663913437
0.9970644310185387
0.9881445814545925
0.9972444542153105
0.000528897468919354
0.0001689853124160155
0.02772197410316456
9.536993378019665e-05
0.9998795879128848
0.9982372916941233
0.998865638435105
0.9853295817918984
0.9997353172494077
0.00019640567697458945
0.9996676880071299
0.028957187553106483
0.9187349628277054
7.402071400821365e-05
0.000894154191081913
0.0003770079225935681
0.00014861696375211938
0.0004464761246841802
0.0007400843249240128
0.0007742297176678704
0.9995392125359163
0.0012068845884889714
0.995585762142515
0.9957750563114999
0.9998426122087699
0.16877213970526644
0.004575991357942253
0.8662711604299776
0.0006769262647689396
0.9998938815601626
0.00020760635960744752
0.9962224748717695
0.0069190110402063115
0.9973470865464832
0.043804053553983424
0.9995080743238416
0.9883577515345122
0.9946196922975609
0.9568567719038615
0.00042317934766324626
0.9982189646180388
0.972690357255993
0.0010864586939818709
0.9876236117616474
0.9998176306632207
0.9992991997476756
0.006641303110528688
0.9996765719593412
0.00013824359246550786
0.9775107703593723
0.9935739915748006
0.0029177349067072422
0.9996900192734167
0.9997745720126389
0.9999129983743634
0.002017604313363832
0.08744005465691884
0.99630693863313
0.0011398384889596475
0.9990821427372679
0.0003498529644942355
0.001640990592816379
0.0021590108021543202
0.8974023451260008
0.7634845837030461
0.9993343966739245
0.9822233441248951
0.9834311625121541
0.03711487308444036
0.9073339129050801
0.002784230796135898
0.0017093169892781685
0.987638659949788
0.9974050232956191
0.9998124691762539
0.004516667538238694
0.00015096354743168982
0.9988717461874919
0.009721644599293566
0.9963372533957777
0.43879095257075845
0.001929691489489768
0.9966335238617244
0.9967494117121709
0.0007056694560312998
0.0001267140482912571
