"PATWRO"
2
14
34
58
67
76
101
139
174
180
269
278
288
295
305
315
364
395
399
424
439
445
467
487
493
512
558
576
592
616
649
678
699
757
803
865
934
985
1006
1027
1032
1061
1073
1099
1108
1236
1257
1282
1296
1359
1377
1471
1479
1495
1500
1523
1580
1588
1591
1618
1654
1663
1680
1695
1716
1762
1793
1796
1821
1857
1870
1922
1934
1966
1983
2031
2040
2048
2051
2057
2068
2077
2098
2101
2132
2141
2149
2169
2244
2330
2333
2367
2485
2490
2557
2571
2598
2641
2660
2662
2673
2695
2764
2781
2782
2783
2801
2805
2808
2812
2814
2835
2856
2895
2904
2924
2926
2937
2945
2977
2982
3011
3034
3051
3086
3097
3144
3196
3233
3238
3355
3374
3379
3385
3433
3468
3506
3514
3520
3550
3609
3638
3642
3647
3650
3670
3700
3725
3746
3774
3782
3845
3846
3847
3897
3959
4020
4105
4114
4129
4188
4232
4301
4315
4390
4464
4572
4573
4579
4588
4615
4632
4651
4672
4753
4779
4791
4885
4917
4979
